0
65
117
250
282
411
316
409
234
249
61
-7
-137
-262
-282
-416
-321
-413
-237
-253
-66
2
131
257
277
412
316
409
234
249
61
-7
-137
-262
-282
-416
-321
-413
-237
-253
-66
2
131
257
277
412
316
409
234
249
61
-7
-137
-262
-282
-416
-321
-413
-237
-253
-66
2
131
257
277
412
316
409
234
249
61
-7
-137
-262
-282
-416
-321
-413
-237
-253
-66
2
131
257
277
412
316
409
234
249
61
-7
-137
-262
-282
-416
-321
-413
-238
-254
-67
2
131
257
277
412
316
409
234
249
61
-7
-137
-262
-282
-416
-321
-413
-238
-254
-67
2
131
256
277
412
316
409
234
249
61
-7
-137
-262
-282
-416
-321
-413
-238
-254
-67
2
131
257
277
412
316
409
234
249
61
-7
-137
-262
-282
-416
-321
-413
-237
-253
-66
2
131
257
277
412
316
409
234
249
61
-7
-137
-262
-282
-416
-321
-413
-237
-253
-66
2
131
257
277
412
316
409
234
249
61
-7
-137
-262
-282
-416
-321
-413
-237
-253
-66
