0
65
129
225
322
348
376
331
287
187
87
-18
-157
-237
-325
-353
-380
-337
-292
-191
-92
26
142
231
321
349
376
331
287
187
87
-29
-146
-235
-324
-353
-380
-337
-292
-191
-92
26
142
231
321
349
376
332
287
187
87
-29
-146
-235
-324
-353
-380
-337
-292
-191
-92
26
142
231
321
349
376
332
287
187
87
-29
-146
-235
-324
-353
-380
-337
-292
-191
-92
26
142
231
321
349
376
331
287
187
87
-29
-146
-235
-324
-353
-380
-337
-292
-191
-91
26
142
231
320
348
375
331
287
187
87
-29
-146
-235
-324
-353
-380
-337
-291
-191
-91
26
142
231
321
349
376
332
287
187
87
-29
-146
-235
-324
-353
-380
-337
-292
-191
-91
26
142
231
321
349
376
331
287
187
87
-29
-146
-235
-324
-353
-380
-337
-291
-191
-92
26
142
231
321
349
376
332
287
187
87
-29
-146
-235
-324
-353
-380
-337
-292
-191
-92
26
142
231
320
348
375
331
287
187
87
-29
-146
-235
-324
-353
-380
-337
-291
-191
-92
