0
65
30
17
-54
-635
-472
588
448
-322
-272
-226
-209
-84
20
603
453
-601
-460
313
263
216
202
76
-27
-612
-462
593
451
-320
-271
-226
-209
-83
20
603
453
-601
-460
313
263
216
202
76
-27
-612
-461
594
452
-321
-270
-225
-209
-84
20
603
453
-601
-460
313
263
216
202
76
-27
-612
-461
594
452
-321
-270
-225
-209
-84
20
603
453
-601
-460
313
263
216
202
76
-27
-612
-462
593
451
-320
-271
-226
-209
-83
20
603
453
-601
-460
313
263
217
203
76
-27
-612
-462
593
452
-320
-271
-226
-209
-83
20
603
453
-602
-459
313
264
217
203
77
-26
-611
-461
594
452
-320
-271
-226
-209
-83
20
603
453
-601
-460
313
263
217
202
76
-27
-612
-462
593
451
-320
-270
-226
-209
-84
20
603
453
-602
-459
313
264
217
202
77
-26
-611
-461
594
452
-320
-271
-226
-209
-83
20
603
453
-601
-460
313
263
217
202
76
-27
-612
-462
593
452
-320
-270
-226
-209
-84
20
603
453
-601
-459
313
263
