0
65
142
255
374
425
464
425
374
262
141
-1
-146
-265
-378
-428
-466
-428
-377
-265
-144
-1
143
262
375
425
464
425
374
262
141
-1
-146
-265
-378
-428
-466
-428
-377
-265
-144
-1
143
262
375
425
464
425
374
262
141
-1
-146
-265
-378
-428
-466
-428
-377
-265
-144
-1
143
262
375
425
464
425
374
262
141
-1
-146
-265
-378
-428
-466
-428
-377
-265
-144
-1
143
262
375
425
464
425
374
262
141
-1
-146
-264
-378
-427
-466
-428
-377
-265
-144
-2
143
262
375
424
464
425
374
262
141
-1
-146
-265
-378
-428
-466
-428
-377
-265
-144
-1
143
262
375
425
464
425
374
262
141
-1
-146
-264
-378
-427
-466
-428
-377
-265
-144
-1
143
262
375
425
464
425
374
262
141
-1
-146
-265
-378
-428
-466
-428
-377
-265
-144
-1
143
262
375
425
464
425
374
262
141
-1
-146
-265
-378
-427
-466
-428
-377
-265
-144
-1
143
262
375
424
464
425
374
262
141
-1
-146
-265
-378
-427
-466
-428
-377
-265
-144
